N_ait [m^-3] R_ait [m] GSD_ait [unitless] N_acc [m^-3] R_acc [m] GSD_acc [unitless] N_coa [m^-3] R_coa [m] GSD_coa [unitless] N_mcb [m^-3] R_mcb [m] GSD_mcb [unitless] temperature [K] pressure [Pa] updraft [m s^-1] ait_maf [unitless] acc_maf [unitless] coa_maf [unitless] mcb_maf [unitless] Nact [m^-3] Smax [%%] runtime_seconds [s]
1.3029e+09 0.017729 1.59 1.1572e+09 0.05738 1.4 5.5737e+06 0.60526 2 1.8141e+09 0.1217 1.985 243.01 61567 0.26281 0.34144 0.13858 0.98355 1 6.3362e+08 0.049089 562.45
1.1666e+09 0.02752 1.59 9.2642e+08 0.091362 1.4 3.6342e+06 0.41513 2 1.821e+09 0.12975 1.9653 271.83 91413 0.010395 0.33827 0.13579 0.96065 1 7.3913e+07 0.0064081 14647
4.1988e+08 0.015871 1.59 5.5378e+08 0.11665 1.4 9.6292e+05 0.4657 2 1.4813e+09 0.12216 1.5058 244.63 96594 0.075534 0.17393 0.19421 0.97158 1 5.0656e+08 0.033332 947.69
5.0548e+08 0.045539 1.59 4.845e+08 0.11018 1.4 2.6954e+06 0.4494 2 1.5284e+09 0.14822 1.9691 258.2 98891 0.17206 0.83428 0.50718 0.92223 1 5.415e+08 0.025828 596.26
7.0745e+08 0.012075 1.59 5.4821e+08 0.10897 1.4 4.3621e+06 0.87657 2 1.1537e+09 0.14477 1.9167 251.36 88283 0.24044 0.37869 0.86217 0.96479 1 6.2135e+08 0.037611 354.25
1.7573e+09 0.021673 1.59 7.2724e+08 0.073504 1.4 19938 0.84801 2 1.7531e+09 0.13018 1.8654 252.18 1.0014e+05 0.1253 0.12666 0.16211 0.95512 1 5.5532e+08 0.026941 679.47
6.4891e+08 0.03705 1.59 1.1012e+09 0.066089 1.4 1.8422e+06 0.36674 2 6.0109e+08 0.14346 1.6255 247.47 96804 0.044267 0.36206 0.28203 0.96395 1 2.3967e+08 0.024273 382.53
5.2165e+08 0.017076 1.59 9.1282e+08 0.098121 1.4 5.6961e+06 0.2006 2 1.9181e+09 0.14588 1.2002 245.16 73912 0.25419 0.27987 0.73613 0.99369 1 1.2964e+09 0.049933 494.17
1.0862e+09 0.026657 1.59 7.4415e+08 0.092634 1.4 2.0589e+06 0.61355 2 1.8899e+09 0.1493 1.9017 270.22 74959 0.33685 0.16925 0.93213 0.9661 1 5.8682e+08 0.023789 426.2
6.4914e+08 0.028913 1.59 1.2174e+09 0.085992 1.4 3.8391e+06 0.37042 2 1.4821e+09 0.10835 1.7842 290.98 60123 0.0087333 0.71799 0.95363 0.92129 1 2.7597e+07 0.0054664 1664
1.6143e+09 0.015675 1.59 7.0038e+08 0.12367 1.4 9.1513e+05 0.21362 2 1.4615e+09 0.10863 1.9364 255.6 90699 0.014335 0.4849 0.78427 0.98878 1 1.1288e+08 0.012618 7931.3
1.8523e+09 0.046202 1.59 7.2958e+08 0.096559 1.4 1.954e+06 0.38971 2 1.1126e+09 0.13655 1.6417 281.26 74423 0.035964 0.75155 0.16575 0.96853 1 1.4292e+08 0.010838 231.8
1.1307e+09 0.034616 1.59 1.8842e+08 0.08046 1.4 1.1079e+06 0.85372 2 4.7405e+08 0.13872 1.9378 273.52 69291 0.035786 0.59849 0.93524 0.95614 1 8.6586e+07 0.010654 427.22
1.021e+09 0.038251 1.59 1.4665e+09 0.057048 1.4 1.4372e+05 0.68103 2 9.7289e+08 0.13502 1.6761 246.72 58937 0.043022 0.39397 0.64434 0.94162 1 2.1189e+08 0.022009 2625.4
6.2629e+08 0.02627 1.59 6.2905e+08 0.083969 1.4 4.6792e+06 0.65186 2 1.2373e+09 0.095786 1.7604 254.17 73266 0.035857 0.09905 0.60507 0.93626 1 1.4974e+08 0.018361 352.33
5.4229e+08 0.037821 1.59 1.1428e+09 0.1233 1.4 4654.7 0.6331 2 1.7999e+09 0.10324 1.9184 259.75 63972 0.058014 0.80339 0.66331 0.98482 1 2.1536e+08 0.018111 2620.4
6.0082e+08 0.036416 1.59 1.376e+09 0.089798 1.4 1.8994e+06 0.6413 2 1.595e+09 0.12134 1.735 242.51 97723 0.011147 0.55779 0.69493 0.95883 1 1.7283e+08 0.017641 10179
6.0526e+08 0.026096 1.59 6.2413e+07 0.073494 1.4 3.4341e+06 0.68893 2 1.468e+09 0.14892 1.9841 269.93 70959 0.23707 0.55581 0.34145 0.94398 1 3.952e+08 0.020601 462.4
1.9276e+08 0.019092 1.59 6.0926e+08 0.073713 1.4 1.7656e+06 0.27902 2 1.7212e+09 0.12556 1.7074 247.86 69296 0.18898 0.57448 0.48076 0.98737 1 6.4452e+08 0.03416 329.66
1.6765e+09 0.031922 1.59 1.5162e+09 0.1213 1.4 5.3286e+05 0.82964 2 1.7848e+09 0.11237 1.6735 245.31 89007 0.15012 0.70549 0.95278 0.94069 1 9.8947e+08 0.037239 393.19
2.0327e+09 0.02139 1.59 9.573e+08 0.090573 1.4 8.0399e+05 0.79832 2 1.8787e+09 0.12905 1.8685 260.34 51726 0.0083576 0.44888 0.75642 0.95361 1 5.8926e+07 0.0069699 18346
1.288e+09 0.04636 1.59 9.7765e+08 0.07132 1.4 6.2553e+05 0.67015 2 9.8179e+08 0.13656 1.7364 262.79 59553 0.048916 0.90975 0.80687 0.96388 1 1.6126e+08 0.012957 654.66
5.13e+08 0.02234 1.59 1.3481e+09 0.095426 1.4 1.2938e+06 0.95062 2 1.6304e+09 0.05646 1.9983 280.43 93689 0.010619 0.27644 0.36308 0.98141 1 3.849e+07 0.011801 227.38
1.5166e+09 0.029226 1.59 1.4367e+09 0.074639 1.4 1.8255e+06 0.33668 2 1.9305e+09 0.14494 1.5282 255.97 95714 0.18316 0.73688 0.13531 0.95031 1 8.0219e+08 0.031245 516.69
1.1813e+09 0.036122 1.59 9.06e+07 0.12156 1.4 1.7714e+06 0.82941 2 1.6275e+09 0.14552 1.8406 258.67 61627 0.20563 0.52599 0.086837 0.9742 1 4.9299e+08 0.024508 535.58
1.1931e+09 0.029992 1.59 2.6444e+08 0.085444 1.4 2.7767e+06 0.32606 2 1.3494e+09 0.11811 1.8009 255.59 65441 0.039059 0.12232 0.12662 0.91577 1 1.7642e+08 0.017888 3114.1
1.8372e+09 0.018061 1.59 1.018e+08 0.091448 1.4 5.2338e+06 0.47001 2 1.4633e+09 0.13985 1.9891 264.85 84774 0.35274 0.43303 0.33932 0.94921 1 5.2454e+08 0.034136 369.82
4.0226e+08 0.041582 1.59 1.6077e+08 0.06226 1.4 3.0292e+05 0.78941 2 7.7319e+08 0.14319 1.832 286.63 82446 0.046319 0.79736 0.88939 0.91371 1 1.3584e+08 0.0099526 252.43
1.6476e+09 0.022926 1.59 1.0883e+09 0.076528 1.4 4.8423e+06 0.19773 2 1.6008e+09 0.14621 1.4297 288.33 68873 0.011488 0.4404 0.59377 0.95381 1 6.7384e+07 0.0085776 577.95
1.6586e+09 0.01182 1.59 9.4861e+08 0.12488 1.4 3.3491e+05 0.21111 2 1.7167e+09 0.13145 1.9445 262.77 59272 0.057878 0.0813 0.66258 0.93188 1 2.131e+08 0.013265 2485.5
8.2551e+08 0.011708 1.59 6.8256e+08 0.063675 1.4 3.9725e+06 0.60251 2 1.7674e+09 0.12129 1.7634 259.99 82033 0.099824 0.52305 0.80371 0.96875 1 3.643e+08 0.023697 1223.5
2.4168e+07 0.023452 1.59 9.0695e+08 0.081873 1.4 4.7553e+06 0.76901 2 1.5832e+09 0.11937 1.5187 245.19 78536 0.049599 0.41035 0.35361 0.93489 1 3.6415e+08 0.029472 2027.7
4.2018e+07 0.033493 1.59 4.7663e+08 0.090705 1.4 2.4672e+06 0.70723 2 1.2769e+09 0.12403 1.9306 273.85 74313 0.013789 0.73543 0.88176 0.93602 1 5.2111e+07 0.0069267 8992.1
1.0992e+09 0.029267 1.59 6.0145e+08 0.090363 1.4 3.5101e+06 0.51106 2 1.7199e+09 0.12647 1.6929 247.48 60158 0.36568 0.37252 0.46445 0.93073 1 8.3262e+08 0.043548 208.83
1.7615e+09 0.038287 1.59 1.1372e+09 0.077259 1.4 3.2344e+06 0.5054 2 1.3535e+09 0.12083 1.5528 251.24 72130 0.068686 0.67699 0.19443 0.96197 1 3.5719e+08 0.023889 202.95
1.9946e+09 0.04228 1.59 5.0496e+08 0.09269 1.4 5.1044e+06 0.86626 2 1.7115e+09 0.1366 1.8527 289.01 52696 0.10288 0.91453 0.66037 0.91822 1 1.6869e+08 0.0082523 627.4
2.0038e+09 0.04557 1.59 8.2764e+08 0.091081 1.4 1.5506e+06 0.86653 2 1.8629e+09 0.12726 1.9307 263.75 85792 0.15033 0.58925 0.74681 0.98018 1 4.4579e+08 0.023595 952.42
1.0563e+09 0.023743 1.59 4.8004e+08 0.09271 1.4 5.7744e+06 0.17882 2 1.5495e+09 0.13539 1.9319 255.88 75181 0.30705 0.46806 0.14745 0.94773 1 6.016e+08 0.036731 362.14
1.9524e+09 0.017185 1.59 1.7849e+08 0.07025 1.4 5.1875e+06 0.74573 2 1.8199e+09 0.14884 1.9766 282.21 89058 0.039988 0.0033788 0.55883 0.98681 1 1.3971e+08 0.0070021 3535
3.0602e+08 0.024899 1.59 4.5653e+08 0.063979 1.4 4.7934e+06 0.85259 2 1.8154e+09 0.1492 1.921 252.68 60277 0.087407 0.10028 0.59523 0.97593 1 3.2283e+08 0.016371 1695.1
1.9105e+09 0.025485 1.59 1.0988e+09 0.11884 1.4 5.6235e+05 0.42355 2 1.5176e+09 0.14769 1.8299 255.09 92478 0.18696 0.34683 0.98065 0.98782 1 7.3731e+08 0.029728 535.21
1.6575e+09 0.019357 1.59 4.5578e+08 0.077092 1.4 1.7607e+06 0.52 2 3.9143e+08 0.14465 1.9576 258.29 61181 0.0081984 0.5201 0.48234 0.96583 1 3.4528e+07 0.0090614 15500
3.269e+08 0.028431 1.59 1.1938e+09 0.1055 1.4 4.7755e+06 0.53057 2 1.9354e+09 0.14894 1.8014 263.12 66873 0.41855 0.10254 0.60152 0.9635 1 7.7214e+08 0.031946 312.25
1.2036e+09 0.034114 1.59 1.2352e+08 0.090399 1.4 5.2504e+06 0.89633 2 7.4184e+08 0.015498 1.6007 248.72 76623 0.013755 0.8999 0.79181 0.99547 1 6.675e+06 0.025083 438.44
1.7222e+09 0.025216 1.59 1.7518e+08 0.077165 1.4 4.5903e+06 0.80244 2 1.8329e+09 0.14324 1.6678 255.59 90945 0.18391 0.39359 0.59783 0.92 1 7.0671e+08 0.029428 462.1
1.7009e+09 0.036535 1.59 7.1439e+08 0.11739 1.4 9.1789e+05 0.29376 2 1.9439e+09 0.10338 1.9963 256.7 58537 0.25234 0.23334 0.27896 0.91899 1 4.8132e+08 0.034076 528.62
2.0465e+09 0.012645 1.59 1.4772e+09 0.07088 1.4 1.3305e+06 0.71808 2 9.2978e+08 0.14713 1.9835 248.4 99283 0.27603 0.62672 0.51965 0.91592 1 5.2557e+08 0.053502 296.71
1.1053e+09 0.031842 1.59 1.1091e+09 0.077336 1.4 5.7189e+06 0.66929 2 6.5632e+08 0.14155 1.6334 267.43 83096 0.02207 0.35086 0.13618 0.9999 1 8.9623e+07 0.011296 560.56
2.8907e+08 0.032425 1.59 8.5408e+08 0.056843 1.4 3.1718e+06 0.23616 2 5.0222e+08 0.1388 1.7017 250.87 77546 0.013057 0.15505 0.5278 0.94404 1 7.2515e+07 0.016047 7732.6
1.9983e+09 0.038913 1.59 1.1545e+09 0.060763 1.4 4.9502e+06 0.67923 2 1.5345e+09 0.069372 1.8423 258.81 87326 0.009711 0.6642 0.50977 0.95034 1 3.6575e+07 0.012226 867.3
1.2073e+09 0.013495 1.59 1.3836e+09 0.063611 1.4 8.0863e+05 0.39214 2 1.8129e+09 0.1306 1.9705 297.17 69230 0.047068 0.46008 0.48848 0.95592 1 9.9684e+07 0.0056828 1351.8
2.0835e+09 0.047444 1.59 5.3998e+08 0.058826 1.4 2.4603e+06 0.37495 2 1.1581e+09 0.14518 1.9859 277.09 68076 0.139 0.83756 0.50168 0.93346 1 2.0534e+08 0.013534 830.98
1.4771e+09 0.047279 1.59 6.7659e+08 0.11554 1.4 1.3217e+05 0.89137 2 1.371e+09 0.11993 1.9251 250.97 65985 0.022219 0.12313 0.89079 0.92099 1 1.483e+08 0.015068 6301.7
7.7581e+08 0.029063 1.59 5.5744e+07 0.070243 1.4 6686.3 0.58708 2 8.2221e+08 0.13164 1.649 245.2 54393 0.060584 0.69646 0.079749 0.95661 1 2.2098e+08 0.027219 1477.8
1.0598e+09 0.038012 1.59 4.2096e+07 0.090332 1.4 2.048e+06 0.40388 2 1.225e+09 0.13006 1.8982 294.04 59751 0.0096059 0.6401 0.87255 0.98692 1 2.5144e+07 0.0037959 5046.8
9.1894e+08 0.044225 1.59 7.6042e+07 0.10196 1.4 4.9538e+06 0.75568 2 1.1637e+09 0.14726 1.5923 244.93 78506 0.054481 0.8464 0.32667 0.99009 1 3.5315e+08 0.024488 1558.2
1.6083e+09 0.029517 1.59 1.221e+09 0.087132 1.4 8.3626e+05 0.24677 2 9.4143e+08 0.13348 1.948 261.18 64348 0.10677 0.47628 0.40518 0.941 1 2.1725e+08 0.021828 1173.2
2.0463e+09 0.042533 1.59 3.4894e+08 0.10711 1.4 6.0082e+06 0.91176 2 6.9555e+08 0.11578 1.657 243.76 67241 0.077094 0.54982 0.91828 0.9691 1 2.733e+08 0.03027 235.53
1.7479e+09 0.034521 1.59 6.1349e+08 0.11288 1.4 2.8289e+06 0.74545 2 1.4553e+09 0.12293 1.8934 253.91 65316 0.067478 0.49416 0.90245 0.97375 1 2.6666e+08 0.018475 1650.5
5.0325e+08 0.029815 1.59 1.0088e+09 0.060951 1.4 2.6692e+06 0.19959 2 1.3421e+09 0.14926 1.7647 287.18 52459 0.031875 0.89302 0.82758 0.9515 1 7.9544e+07 0.0060765 1742
1.133e+09 0.04341 1.59 1.5026e+09 0.11019 1.4 3.8188e+06 0.55764 2 5.9203e+08 0.14552 1.7248 259.95 66800 0.023136 0.057429 0.6446 0.94946 1 8.3086e+07 0.01391 6365.8
9.7601e+08 0.042541 1.59 7.7066e+08 0.11062 1.4 4.9284e+06 0.73908 2 1.6112e+09 0.14775 1.59 283.91 99454 0.048406 0.02085 0.7715 0.99523 1 2.3395e+08 0.010604 278.86
1.3926e+09 0.020888 1.59 5.3053e+08 0.06195 1.4 2.7814e+06 0.80931 2 1.0034e+09 0.11084 1.8837 250.38 73488 0.042662 0.90529 0.39703 0.98853 1 1.7018e+08 0.021467 1990.1
9.4265e+08 0.040452 1.59 6.0722e+08 0.1168 1.4 5.6105e+05 0.29119 2 1.6068e+09 0.094634 1.9642 271.57 75968 0.042513 0.27224 0.29222 0.9502 1 1.4693e+08 0.012124 277.65
1.0555e+08 0.042941 1.59 8.5471e+08 0.073634 1.4 5.2176e+06 0.22253 2 8.6353e+08 0.13595 1.4828 252.62 80001 0.011178 0.20493 0.35393 0.92191 1 9.3606e+07 0.014291 809.42
7.961e+08 0.04643 1.59 1.2285e+09 0.070918 1.4 5.8229e+06 0.42842 2 1.6474e+09 0.1242 1.8808 292.25 84351 0.02473 0.37638 0.09394 0.92804 1 8.3541e+07 0.0059999 1343.3
8.9583e+08 0.027041 1.59 5.0859e+08 0.058015 1.4 5.7356e+06 0.74312 2 9.7953e+08 0.11758 1.6187 266.01 71371 0.011315 0.08924 0.2982 0.99561 1 3.3773e+07 0.0089056 1823.1
3.5751e+08 0.021888 1.59 1.0823e+08 0.086694 1.4 2.287e+06 0.493 2 1.3505e+09 0.11106 1.8107 257.84 71507 0.05345 0.42784 0.9045 0.9164 1 2.072e+08 0.016366 476.65
1.5832e+09 0.036337 1.59 3.7411e+08 0.10756 1.4 3.6351e+06 0.41377 2 3.9036e+08 0.14724 1.8743 279.21 65659 0.036681 0.24003 0.76757 0.98051 1 8.2235e+07 0.010561 273.92
4.6132e+08 0.042293 1.59 9.4119e+07 0.056697 1.4 5.2067e+06 0.5555 2 1.7966e+09 0.14139 1.763 255.37 1.0142e+05 0.41668 0.80876 0.26405 0.96742 1 8.9939e+08 0.048856 265.82
9.1233e+08 0.026336 1.59 6.7002e+07 0.094673 1.4 3.4268e+06 0.77335 2 1.3239e+09 0.13077 1.9202 282.15 70307 0.039194 0.67974 0.92776 0.98071 1 7.8853e+07 0.0075554 2773.4
9.188e+08 0.013083 1.59 1.0227e+09 0.11668 1.4 3.8094e+06 0.82263 2 1.7292e+09 0.14719 1.8119 245.02 75712 0.010189 0.88081 0.97315 0.95397 1 5.8432e+07 0.0069039 15712
1.5616e+09 0.021385 1.59 1.0834e+09 0.12365 1.4 1.5732e+06 0.22267 2 1.4491e+09 0.13963 1.5034 247.52 72030 0.25943 0.58524 0.93976 0.92247 1 1.0777e+09 0.041209 276.67
2.3729e+08 0.02353 1.59 1.3136e+09 0.1054 1.4 5.6343e+06 0.42644 2 1.7323e+09 0.11595 1.2714 274.75 1.0103e+05 0.0089386 0.53396 0.51215 0.98326 1 6.6729e+07 0.016996 177.6
2.0466e+09 0.025752 1.59 4.2224e+06 0.07892 1.4 5.0514e+06 0.66144 2 1.9951e+09 0.14458 1.75 245.96 56239 0.10916 0.81747 0.068452 0.95163 1 4.9215e+08 0.024663 1133.8
5.546e+08 0.046071 1.59 8.4963e+08 0.062118 1.4 3.8484e+06 0.72504 2 1.6126e+09 0.13913 1.3503 242.2 51735 0.11781 0.61118 0.19629 0.96871 1 6.8996e+08 0.03385 608.32
1.0057e+09 0.032978 1.59 9.4342e+08 0.12239 1.4 1.361e+05 0.3924 2 8.0513e+08 0.1485 1.3854 243.2 55852 0.10225 0.85233 0.87088 0.97168 1 5.3233e+08 0.034967 814.09
2.0046e+09 0.017905 1.59 1.2238e+09 0.097815 1.4 5.668e+06 0.59433 2 1.9776e+09 0.14632 1.3049 245.57 59134 0.075046 0.49226 0.62954 0.9587 1 7.196e+08 0.027656 1333.8
1.6708e+09 0.026073 1.59 1.2018e+09 0.063487 1.4 3.5257e+06 0.21915 2 1.593e+09 0.14973 1.8659 263.31 78168 0.35175 0.32266 0.85238 0.9403 1 6.0455e+08 0.033159 405.27
1.7245e+09 0.044406 1.59 2.497e+08 0.11706 1.4 2.6297e+06 0.54325 2 8.9925e+08 0.089061 1.7692 253.57 56867 0.015993 0.82266 0.71525 0.99676 1 5.9999e+07 0.015003 526.54
1.167e+09 0.038751 1.59 5.4747e+08 0.084761 1.4 2.2178e+06 0.23139 2 1.494e+09 0.1475 1.6655 256.83 58933 0.31651 0.19517 0.096538 0.91702 1 5.9426e+08 0.035398 418.1
9.3537e+08 0.014493 1.59 4.8675e+08 0.10908 1.4 2.6865e+06 0.28042 2 1.6625e+09 0.11531 1.929 247.18 51925 0.2073 0.2536 0.9322 0.96895 1 5.323e+08 0.030015 366.66
1.7673e+09 0.013129 1.59 1.029e+09 0.081923 1.4 5.8713e+06 0.42158 2 7.1178e+08 0.12544 1.5376 292.68 81397 0.0097853 0.91024 0.26791 0.9451 1 3.6809e+07 0.0089824 343.81
1.7973e+09 0.033884 1.59 8.7743e+07 0.098525 1.4 1.2741e+06 0.64425 2 1.9693e+09 0.12318 1.3819 253.58 76431 0.024742 0.65265 0.66937 0.92022 1 2.3137e+08 0.019246 394.19
4.5197e+08 0.026586 1.59 4.4732e+08 0.10507 1.4 3.3155e+06 0.19409 2 1.5507e+09 0.10327 1.7582 244.14 76571 0.060313 0.6974 0.6526 0.96886 1 3.3382e+08 0.029149 1339.4
1.9073e+09 0.018318 1.59 1.7227e+08 0.059825 1.4 1.7595e+06 0.40375 2 8.8876e+08 0.14972 1.7715 249.7 76829 0.087619 0.92902 0.17197 0.99954 1 3.1211e+08 0.026023 1011
1.3624e+09 0.045024 1.59 6.2768e+08 0.12171 1.4 5.5924e+06 0.45224 2 5.9478e+08 0.1497 1.5558 293.51 93241 0.016639 0.5291 0.25119 0.97071 1 7.0432e+07 0.0091214 292.99
3.2113e+08 0.017047 1.59 7.0569e+08 0.061369 1.4 80873 0.77508 2 1.2992e+09 0.13905 1.9541 242.42 53475 0.3355 0.40747 0.85434 0.9204 1 5.9703e+08 0.043969 255.93
1.4133e+09 0.033803 1.59 1.2304e+09 0.11643 1.4 4.5389e+06 0.31578 2 1.4656e+09 0.14831 1.8672 292.17 52581 0.11159 0.76386 0.85032 0.99247 1 1.8088e+08 0.0080627 518.25
4.778e+08 0.047004 1.59 1.2889e+09 0.11411 1.4 1.4357e+06 0.30165 2 1.783e+09 0.14854 1.5294 243.65 1.0151e+05 0.032975 0.18873 0.74632 0.9883 1 5.2271e+08 0.025853 3835.7
1.5289e+08 0.024303 1.59 1.3923e+09 0.12379 1.4 3.7227e+06 0.54598 2 1.9915e+09 0.10853 1.9425 257.53 64103 0.024423 0.05716 0.52136 0.97512 1 1.4053e+08 0.012404 5477
1.4449e+09 0.023819 1.59 1.4299e+08 0.12306 1.4 5.1484e+06 0.47123 2 1.7503e+09 0.13975 1.6525 273.92 65270 0.040358 0.022616 0.18222 0.95335 1 1.5608e+08 0.0094864 734.19
7.7714e+08 0.017719 1.59 1.0978e+09 0.11063 1.4 1.1663e+06 0.39585 2 1.7523e+09 0.10907 1.6921 246.65 54300 0.22066 0.47272 0.79697 0.98746 1 7.1111e+08 0.037309 380.4
5.4824e+08 0.046466 1.59 1.4786e+08 0.11631 1.4 4.5714e+06 0.63504 2 7.9477e+08 0.12057 1.4042 245.79 75790 0.016939 0.76656 0.33566 0.97607 1 1.1477e+08 0.021239 512.04
1.0889e+09 0.038297 1.59 1.3556e+09 0.1056 1.4 3.1443e+06 0.6952 2 1.7383e+09 0.11158 1.9416 243.64 1.0109e+05 0.13459 0.031456 0.13607 0.9551 1 5.9372e+08 0.035351 437.93
1.6893e+09 0.042413 1.59 5.5928e+07 0.10213 1.4 7.2044e+05 0.53711 2 1.733e+09 0.12126 1.999 248.18 88569 0.28461 0.52898 0.42801 0.91473 1 7.3812e+08 0.043037 262.85
8.4448e+08 0.030771 1.59 1.4659e+09 0.080126 1.4 1.559e+05 0.90017 2 1.3778e+09 0.1019 1.8489 253.3 71184 0.013429 0.74205 0.15198 0.95806 1 8.6215e+07 0.014024 8974.7
1.6337e+09 0.016026 1.59 1.266e+09 0.07778 1.4 5.9591e+06 0.69848 2 1.6258e+09 0.14644 1.5558 274.51 60893 0.01327 0.67172 0.45736 0.91316 1 4.6075e+07 0.0066638 3067.5
2.3166e+08 0.043535 1.59 9.9655e+08 0.05717 1.4 5.572e+06 0.74954 2 1.2354e+09 0.11938 1.7758 259.33 1.0037e+05 0.066112 0.70451 0.73218 0.95363 1 2.9227e+08 0.01919 301.23
2.4055e+07 0.028694 1.59 8.5068e+08 0.10018 1.4 1.1624e+06 0.41177 2 1.7181e+09 0.12246 1.5976 247.87 66884 0.1065 0.47966 0.97461 0.9317 1 5.257e+08 0.028301 770.93
7.4023e+08 0.04741 1.59 6.2504e+08 0.064436 1.4 5.3165e+06 0.88586 2 1.6343e+09 0.11309 1.7343 267.07 63324 0.053663 0.65989 0.12155 0.96784 1 1.6436e+08 0.012757 456.07
8.7e+08 0.039912 1.59 3.4383e+08 0.084619 1.4 4.8299e+06 0.93105 2 1.7654e+09 0.14771 1.9279 266.88 66104 0.17581 0.39466 0.10961 0.98235 1 4.0399e+08 0.018167 815.31
1.4768e+07 0.038916 1.59 3.9844e+08 0.090875 1.4 4.5791e+06 0.45253 2 1.9546e+09 0.10797 1.8566 271.24 60080 0.020236 0.6546 0.4479 0.99279 1 6.1137e+07 0.0082622 6979.6
1.0721e+09 0.029155 1.59 5.8227e+08 0.10959 1.4 5.2199e+06 0.2551 2 1.9829e+09 0.11787 1.6645 245.85 58216 0.41244 0.47387 0.84705 0.95653 1 1.0581e+09 0.05114 252.03
1.075e+09 0.018253 1.59 2.9716e+08 0.10991 1.4 1.9956e+06 0.61581 2 1.2689e+09 0.14149 1.9917 285.81 54510 0.14098 0.51357 0.24007 0.95392 1 1.9972e+08 0.0097371 432.15
6.7794e+08 0.018585 1.59 1.1758e+09 0.11444 1.4 4.0528e+06 0.88256 2 1.9911e+09 0.12287 1.8196 267.72 72157 0.073133 0.06765 0.16482 0.9922 1 2.4255e+08 0.01499 1977
7.7401e+08 0.036153 1.59 5.711e+08 0.067584 1.4 7.538e+05 0.45716 2 1.1723e+09 0.14868 1.8808 255.86 71883 0.044986 0.40306 0.94618 0.9392 1 2.1521e+08 0.016267 3231.7
2.4423e+08 0.01826 1.59 1.799e+08 0.067399 1.4 1.2925e+05 0.4931 2 1.1948e+09 0.13041 1.7417 246.27 99686 0.096811 0.31194 0.52119 0.93857 1 4.523e+08 0.032804 751.85
3.052e+07 0.014588 1.59 8.331e+08 0.07134 1.4 1.0874e+06 0.2631 2 1.6724e+09 0.12508 1.7148 243.77 79970 0.068177 0.8685 0.82541 0.921 1 4.4175e+08 0.028351 1483.5
4.1836e+08 0.020653 1.59 9.5781e+07 0.077301 1.4 4.4533e+06 0.80277 2 1.4222e+09 0.13203 1.3232 292.19 73118 0.01291 0.21424 0.97552 0.96369 1 2.648e+07 0.0099876 429.15
1.6924e+09 0.047409 1.59 8.4653e+08 0.10144 1.4 3.5888e+06 0.52385 2 1.5889e+09 0.13548 1.8378 292.76 69682 0.022914 0.51829 0.26026 0.97759 1 6.5633e+07 0.0052461 2108.4
7.8048e+08 0.018803 1.59 7.841e+08 0.080441 1.4 2.4743e+06 0.41067 2 9.301e+08 0.1115 1.824 294.47 62050 0.018825 0.62946 0.74061 0.91609 1 4.9693e+07 0.0073687 507.31
9.1654e+08 0.045819 1.59 1.0809e+09 0.083808 1.4 5.4525e+06 0.33803 2 7.5342e+08 0.141 1.9411 250.42 75891 0.17326 0.92313 0.36652 0.92757 1 3.3099e+08 0.038549 607.3
2.5919e+08 0.036453 1.59 7.2714e+08 0.081249 1.4 3.0224e+06 0.24632 2 1.6051e+09 0.11493 1.8 275.45 88918 0.034693 0.86983 0.68258 0.91731 1 1.5699e+08 0.010846 429.73
1.8467e+09 0.042703 1.59 1.1748e+09 0.12053 1.4 5.826e+06 0.84507 2 1.6449e+09 0.1308 1.9522 250.36 78359 0.084865 0.76318 0.3798 0.92129 1 3.7948e+08 0.023957 1793.3
6.1656e+08 0.046713 1.59 8.4661e+08 0.10093 1.4 5.6207e+06 0.65425 2 6.3135e+08 0.148 1.8994 246.88 1.0161e+05 0.017243 0.41959 0.87668 0.93556 1 1.2611e+08 0.018107 6822.4
7.4657e+08 0.047154 1.59 1.1351e+09 0.12288 1.4 2.6574e+06 0.74495 2 1.8765e+09 0.10549 1.8132 248.66 94742 0.028339 0.27927 0.74203 0.98175 1 2.3565e+08 0.018037 2337.6
6.2122e+08 0.02389 1.59 1.4505e+09 0.11178 1.4 2.8319e+06 0.32989 2 1.7274e+09 0.14766 1.7993 244.34 67137 0.12622 0.82197 0.24618 0.93572 1 5.4197e+08 0.030505 1278.3
1.483e+09 0.020499 1.59 3.6524e+07 0.094304 1.4 4.9647e+06 0.2531 2 1.0796e+09 0.10669 1.8783 282.35 78445 0.022589 0.69139 0.6714 0.96089 1 7.943e+07 0.00916 444.63
4.8602e+08 0.042535 1.59 1.8907e+08 0.10043 1.4 2.3862e+06 0.9208 2 1.9782e+09 0.14218 1.9029 285.69 1.0106e+05 0.13238 0.66459 0.15787 0.97241 1 3.8203e+08 0.011231 424.76
5.8277e+08 0.027986 1.59 6.0299e+08 0.079611 1.4 2.5143e+06 0.92017 2 1.7843e+09 0.11416 1.9701 295.33 84530 0.043957 0.066247 0.94743 0.92974 1 1.1742e+08 0.0069508 827.55
8.7892e+08 0.019858 1.59 1.2702e+09 0.063801 1.4 2.6888e+06 0.84695 2 1.917e+09 0.12921 1.6189 296.47 56070 0.036793 0.27529 0.31952 0.94652 1 9.5628e+07 0.0077298 513.38
6.7929e+08 0.022973 1.59 6.8027e+08 0.061703 1.4 5.5405e+06 0.86116 2 3.5489e+08 0.14241 1.7575 244.27 57458 0.0279 0.86809 0.53418 0.99498 1 8.5774e+07 0.020611 3313.6
1.7225e+09 0.036506 1.59 1.7954e+08 0.086597 1.4 5.912e+06 0.88321 2 4.6123e+08 0.13202 1.7522 243.55 51472 0.064164 0.2559 0.74314 0.99962 1 1.4568e+08 0.028683 1202.9
1.6677e+09 0.027589 1.59 2.7236e+08 0.083906 1.4 5.2246e+06 0.68069 2 6.1839e+08 0.14652 1.9558 259.94 75932 0.080714 0.32401 0.89098 0.97003 1 1.7022e+08 0.022632 1395.7
1.4798e+09 0.011543 1.59 1.152e+09 0.087518 1.4 2.6122e+06 0.58798 2 1.0696e+09 0.12494 1.4653 270.93 98237 0.012325 0.38547 0.21887 0.91472 1 9.0028e+07 0.013545 256.17
4.8173e+08 0.045875 1.59 5.8783e+08 0.089609 1.4 32342 0.27963 2 1.9521e+09 0.12999 1.9769 257.89 98367 0.26131 0.61007 0.47544 0.949 1 7.0531e+08 0.034553 441.15
2.0777e+09 0.033228 1.59 5.1164e+08 0.075647 1.4 9.057e+05 0.20111 2 1.9934e+09 0.095422 1.8188 261.51 62267 0.031695 0.043604 0.51804 0.95631 1 1.307e+08 0.012654 715.72
9.6561e+08 0.041848 1.59 3.1758e+08 0.12457 1.4 3.6406e+06 0.48801 2 1.3641e+09 0.14819 1.7082 257.09 92259 0.079078 0.92788 0.18632 0.9594 1 3.8369e+08 0.021956 1280.2